3397
3398
3399
3400
3401
3402
3403
3404
3405
3406
3407
3408
3409
3410
3411
3412
3420
3421
3422
3423
3424
3425
3426
3427
3428
3429
3430
3431
3432
3433
3437
3443
3444
3445
3446
3447
3448
3449
3450
3451
3452
3453
3454
3455
3456
3459
3463
3464
3465
3466
3467
3468
3469
3470
3471
3472
3473
3475
4790
4791
4796
4797
4798
4799
4800
4801
4802
4803
4804
4805
4806
4807
3257
3260
3261
3262
3263
3264
3265
3267
3269
3270
3271
3315
3316
3317
3318
3319
3332
3334
3335
3336
3337
3338
3339
3340
3341
3342
3343
3344
3345
3346
3347
3348
3349
3350
3351
3352
3353
3368
3369
3370
3371
3373
3380
3382
3502
3503
3514
3515
3516
3517
3518
3521
3522
3523
3203
3204
3205
3206
3207
3208
3209
3210
3211
3212
3213
3214
3219
3220
3224
3231
3232
3233
3234
3235
3236
3239
3244
3245
3246
3247
3248
3249
3250
3251
3252
3253
3254
3141
3142
3145
3143
3144
3146
3147
3148
3149
3150
3127
3128
3258
3375
3378
3379
3391
3392
3305
3393
3396
3415
3416
3418
3419
3438
3439
3441
3442
3460
3462
4790
4791
4796
4797
6001
6002
6003
6004
6005
6006
6007
6008
6009
6010
6011
6012
13207
13208
13209
13210
13211
13212
13213
13214
13215
13216
13217
13218
13219
13220
13221
13222
13223
13224
13225
13226
13227
13228
13229
13230
13231
13232
13233
13234
13235
13236
13237
13238
13239
13240
13241
13242
13243
13244
13245
13246
13247
13248
13249
13250
13251
13252
13253
13254
13255
13256
13257
13258
13259
13260
13261
13262
25367
25368
25369
25370
25371
25372
25373
25374
25375
25376
25377
25378
25379
25380
25381
25382
25383
25384
25385
25386
25387
25388
25389
25390
25391
25392
25393
25394
25395
25396
25397
25398
25399
25400
25401
25402
25403
25404
25405
25406
25407
25408
25409
25410
25411
25412
25413
25414
25415
22457
22458
22459
22460
22461
22462
22463
22464
22465
22466
22467
22468
22469
22470
22471
22472
22473
22474
22475
22476
22477
15504
15505
15506
15507
15508
15509
15510
15511
15512
15513
15514
15515
15516
15517
15518
15519
15520
15521
15522
15523
15524
22598
22599
22600
22601
22602
22603
22604
22605
22606
22607
22608
22609
22610
22611
22612
13276
13277
13278
13279
13280
13281
13282
13283
13284
13285
13286
13287
13288
13289
13290
13291
13292
13293
13294
13295
13296
13297
13298
13299
13300
13301
13302
13303
13304
13305
13306
13307
13308
13309
13310
13311
13312
13313
13314
13315
13316
13317
13318
13319
13320
13321
13322
13323
13324
13325
13326
13327
13328
13329
13330
13331
13332
13333
13334
13335
13336
13337
22788
22789
22790
22791
22792
22793
22794
22795
22796
22797
22798
22799
22800
22801
3387
3388
3389
20441
20442
20443
20444
20445
20446
20447
20448
20449
20450
20451
20452
20453
20454
20455
20456
20457
20458
20459
20460
20461
20462
20463
20464
20465
20466
20467
20468
20469
20470
20471
20472
20473
20474
20475
20476
20477
20478
20479
20480
20481
20482
20483
20484
20485